35,4
35,1
35,3
14,4
28,4
28,1
28,3
0,273
0,270
25,1
25,3
3,2
3,1
3,3
10,185
10,287
10,171
10,85
10,153
10,99
11,19
11,10
11,25
11,6
9,7
9,2
9,3
8,15
8,16
8,2
8,3
65,5
65,4
65,3
65,2
65,1
65,0
63,6
63,5
63,4
63,3
63,2
63,1
63,0
61,5
61,4
61,3
61,2
61,1
61,0
58,3
58,2
58,1
58,0
56,4
56,3
56,2
56,1
56,0
55,4
55,3
55,2
55,1
55,0
54,4
54,3
54,2
54,1
54,0
49,5
49,4
49,3
49,2
49,1
49,0
46,5
46,4
46,3
46,2
46,1
46,0
45,5
45,4
45,3
45,2
45,1
45,0
42,6
42,5
42,4
42,3
42,2
42,1
20,3
20,2
20,1
19,3
19,2
19,1
12,3
12,2
12,1
11,29
11,28
11,27
11,26
11,24
11,23
11,21
11,20
11,18
11,16
11,15
11,14
11,13
11,12
11,8
11,7
11,5
